Partector SN 948
Firmware: rev 455
Hardware: rev 2.2
Calibration: 1.49, calibrated on 7.6.2023
Start: 22.6.2023 11:35:37
statistics: 84656 LDSAmin, 6473 min, 195213 pulses
settings: 800 AL, 0.81 F, 2.00 I, 0.00 Ilow, 5 P, 50 D, 0.7 DC, 2.0 T, 0 H, 1 Z, 1 V
settings 2: 5 PIDfreeze, 200 RHshutdown, 0 heater, 35 Tset, 0.00 offs1T, 0.00 offs2T, 360000 STinterval, 1 STon
settings 3:  0 RTCcal, 0 USBformat, 3 USBtransmit, 15 brightness, 127 contrast, 0 demo, 2023/06/07 clock set
environment: T 21.0...32.1, RH 8.0...88.3
time	LDSA	idiff	HV	EM	TEM	TEM-V	T	RH	bat	flow	error
1.0	735.25	0.0	799	-96.01	0	101	29.5	42	4.14	0.44	0
2.0	639.48	2.0	3807	118.15	0	91	29.5	34	4.15	0.45	0
3.0	678.42	0.0	800	-105.21	0	84	29.5	34	4.14	0.46	0
4.0	706.81	2.0	3807	119.55	0	76	29.5	34	4.14	0.47	0
5.0	643.45	0.0	799	-100.15	0	71	29.5	34	4.14	0.47	0
6.0	650.97	2.0	3811	104.51	0	66	29.5	34	4.14	0.46	0
7.0	650.45	0.0	799	-87.81	0	62	29.6	34	4.14	0.47	0
8.0	601.99	2.0	3811	106.53	0	58	29.6	34	4.15	0.47	0
9.0	657.34	0.0	800	-100.42	0	56	29.6	34	4.14	0.47	0
10.0	674.92	2.0	3814	116.39	0	52	29.6	33	4.14	0.47	0
11.0	652.25	0.0	799	-98.55	0	49	29.6	33	4.14	0.47	0
12.0	623.19	2.0	3814	112.95	0	45	29.6	33	4.15	0.47	0
13.0	597.27	0.0	800	-88.98	0	44	29.6	33	4.14	0.47	0
14.0	614.70	2.0	3814	106.07	0	41	29.6	33	4.14	0.48	0
15.0	668.79	0.0	800	-102.15	0	40	29.6	33	4.14	0.47	0
16.0	703.56	2.0	3815	129.86	0	37	29.6	33	4.14	0.47	0
17.0	709.01	0.0	802	-107.17	0	35	29.6	33	4.14	0.46	0
18.0	655.72	2.0	3815	137.78	0	33	29.7	33	4.14	0.47	0
19.0	654.90	0.0	799	-114.80	0	32	29.7	33	4.14	0.48	0
20.0	648.68	2.0	3818	119.27	0	29	29.7	33	4.15	0.47	0
21.0	631.92	0.0	800	-106.10	0	29	29.7	33	4.14	0.47	0
22.0	651.53	2.0	3819	115.01	0	26	29.7	33	4.15	0.46	0
23.0	645.93	0.0	800	-98.73	0	25	29.7	33	4.14	0.46	0
24.0	675.60	2.0	3818	112.65	0	24	29.7	33	4.15	0.46	0
25.0	693.34	0.0	800	-110.90	0	23	29.7	33	4.14	0.46	0
26.0	673.46	2.0	3821	122.51	0	21	29.7	32	4.14	0.46	0
27.0	696.32	0.0	799	-107.60	0	21	29.7	32	4.14	0.47	0
28.0	712.69	2.0	3818	121.04	1	1867	29.7	32	4.07	0.47	0
29.0	621.19	0.0	811	-100.60	1	1871	29.7	32	4.08	0.47	0
30.0	627.44	2.0	3830	99.27	1	1873	29.7	32	4.07	0.46	0
31.0	703.76	0.0	810	-103.67	1	1874	29.7	32	4.08	0.46	0
32.0	689.38	2.0	3833	118.84	1	1874	29.8	32	4.07	0.46	0
33.0	685.42	0.0	811	-104.20	1	1876	29.8	32	4.07	0.46	0
34.0	644.87	2.0	3829	113.48	1	1876	29.8	32	4.07	0.46	0
35.0	677.27	0.0	808	-114.82	1	1877	29.8	32	4.07	0.47	0
36.0	748.77	2.0	3833	127.46	1	1877	29.8	32	4.07	0.47	0
37.0	698.93	0.0	811	-107.53	1	1878	29.8	32	4.07	0.47	0
38.0	675.34	2.0	3831	102.73	1	1877	29.8	32	4.07	0.46	0
39.0	682.94	0.0	811	-102.83	1	1878	29.8	32	4.07	0.47	0
40.0	642.23	2.0	3830	115.64	1	1875	29.8	32	4.07	0.47	0
41.0	636.88	0.0	808	-116.89	1	1878	29.8	32	4.07	0.46	0
42.0	675.26	2.0	3833	114.94	1	1878	29.8	32	4.07	0.45	0
43.0	703.97	0.0	811	-92.81	1	1878	29.8	32	4.07	0.46	0
44.0	707.92	2.0	3831	138.61	1	1878	29.8	32	4.07	0.48	0
45.0	709.30	0.0	811	-114.42	1	1879	29.8	32	4.07	0.49	0
46.0	690.16	2.0	3833	112.18	1	1878	29.8	32	4.07	0.47	0
47.0	659.79	0.0	811	-100.16	1	1879	29.8	32	4.07	0.47	0
48.0	678.64	2.0	3831	119.72	1	1878	29.8	32	4.06	0.47	0
49.0	718.91	0.0	811	-109.17	1	1879	29.8	32	4.07	0.46	0
50.0	738.25	2.0	3839	125.32	1	1878	29.8	32	4.07	0.46	0
51.0	688.02	0.0	811	-102.75	1	1879	29.8	32	4.07	0.46	0
52.0	674.59	2.0	3833	118.82	1	1878	29.8	32	4.06	0.47	0
53.0	708.83	0.0	812	-114.93	1	1879	29.8	32	4.07	0.47	0
54.0	698.07	2.0	3831	111.13	1	1879	29.9	32	4.06	0.47	0
55.0	648.78	0.0	822	-100.21	1	1880	29.9	32	4.07	0.47	0
56.0	634.47	2.0	3833	106.50	1	1879	29.9	32	4.06	0.46	0
57.0	607.84	0.0	811	-97.97	1	1880	29.9	32	4.07	0.46	0
58.0	574.62	2.0	3834	104.98	1	1880	29.9	32	4.06	0.46	0
59.0	648.03	0.0	811	-113.21	1	1880	29.9	32	4.07	0.46	0
60.0	702.31	2.0	3829	116.96	1	1880	29.9	32	4.06	0.46	0
61.0	722.34	0.0	812	-124.26	1	1881	29.9	32	4.07	0.46	0
62.0	765.38	2.0	3834	118.70	1	1880	29.9	31	4.06	0.46	0
63.0	807.37	0.0	812	-131.77	1	1881	29.9	31	4.07	0.46	0
64.0	718.43	2.0	3837	116.70	1	1880	29.9	31	4.06	0.46	0
65.0	658.57	0.0	811	-107.74	1	1881	29.9	31	4.07	0.47	0
66.0	763.81	2.0	3831	132.00	1	1881	29.9	31	4.06	0.47	0
67.0	865.33	0.0	811	-135.76	1	1881	29.9	31	4.07	0.46	0
68.0	676.34	2.0	3835	130.08	1	1881	29.9	31	4.07	0.46	0
69.0	777.78	0.0	812	-138.78	1	1882	29.9	31	4.07	0.49	0
70.0	928.56	2.0	3835	172.84	1	1882	29.9	31	4.06	0.50	0
71.0	813.23	0.0	811	-123.15	1	1882	29.9	31	4.07	0.51	0
72.0	728.64	2.0	3835	137.97	1	1880	29.9	31	4.06	0.50	0
73.0	784.37	0.0	812	-134.85	1	1887	29.9	31	4.07	0.48	0
74.0	883.27	2.0	3834	145.51	1	1882	29.9	31	4.06	0.47	0
75.0	836.72	0.0	812	-127.83	1	1882	29.9	31	4.06	0.47	0
76.0	749.96	2.0	3834	133.13	1	1882	29.9	31	4.06	0.47	0
77.0	759.67	0.0	812	-140.34	1	1882	29.9	31	4.07	0.46	0
78.0	819.67	2.0	3835	121.40	1	1882	29.9	31	4.06	0.46	0
79.0	868.14	0.0	812	-157.32	1	1882	29.9	31	4.07	0.45	0
80.0	878.33	2.0	3835	124.55	1	1882	29.9	31	4.06	0.44	0
81.0	834.37	0.0	812	-130.48	1	1882	29.9	31	4.07	0.45	0
82.0	818.16	2.0	3838	141.09	1	1882	29.9	31	4.06	0.46	0
83.0	865.15	0.0	814	-143.61	1	1882	29.9	31	4.06	0.46	0
84.0	869.76	2.0	3838	145.49	1	1882	29.9	31	4.06	0.46	0
85.0	819.13	0.0	812	-122.99	1	1882	30.0	31	4.07	0.46	0
86.0	804.62	2.0	3837	142.35	1	1882	30.0	31	4.06	0.46	0
87.0	731.21	0.0	814	-114.00	1	1882	30.0	31	4.06	0.46	0
88.0	687.85	2.0	3839	116.33	1	1882	30.0	31	4.06	0.46	0
89.0	745.42	0.0	814	-122.40	1	1882	30.0	31	4.07	0.46	0
90.0	769.07	2.0	3839	133.04	1	1882	30.0	31	4.06	0.47	0
91.0	792.23	0.0	815	-139.67	1	1882	30.0	31	4.07	0.46	0
92.0	798.19	2.0	3837	120.17	1	1882	30.0	31	4.06	0.45	0
93.0	808.25	0.0	814	-148.27	1	1883	30.0	31	4.07	0.44	0
94.0	782.46	2.0	3839	125.63	1	1882	30.0	31	4.06	0.44	0
95.0	744.87	0.0	814	-135.39	1	1883	30.0	31	4.07	0.45	0
96.0	783.14	2.0	3839	126.76	1	1882	30.0	31	4.06	0.45	0
97.0	788.43	0.0	814	-128.85	1	1883	30.0	31	4.07	0.45	0
98.0	825.83	2.0	3838	125.14	1	1884	30.0	31	4.06	0.45	0
99.0	858.23	0.0	815	-135.65	1	1882	30.0	31	4.07	0.46	0
100.0	735.52	2.0	3842	136.77	1	1882	30.0	31	4.06	0.46	0
101.0	711.24	0.0	815	-130.65	1	1883	30.0	31	4.07	0.46	0
102.0	740.58	2.0	3839	111.74	1	1882	30.0	31	4.06	0.45	0
103.0	714.38	0.0	814	-131.65	1	1882	30.0	31	4.07	0.46	0
104.0	739.94	2.0	3838	119.62	1	1883	30.0	31	4.06	0.45	0
105.0	737.94	0.0	814	-125.18	1	1883	30.0	31	4.07	0.44	0
106.0	729.34	2.0	3838	122.19	1	1882	30.0	31	4.06	0.45	0
107.0	711.22	0.0	815	-124.76	1	1883	30.0	31	4.07	0.46	0
108.0	701.95	2.0	3837	116.42	1	1882	30.0	31	4.06	0.46	0
109.0	717.47	0.0	816	-120.45	1	1884	30.0	31	4.07	0.46	0
110.0	772.40	2.0	3838	128.20	1	1882	30.1	31	4.06	0.46	0
111.0	791.35	0.0	814	-126.09	1	1883	30.1	31	4.07	0.47	0
112.0	749.15	2.0	3841	128.22	1	1883	30.1	31	4.06	0.47	0
113.0	767.22	0.0	815	-131.20	1	1883	30.1	31	4.07	0.46	0
114.0	772.78	2.0	3838	133.46	1	1882	30.1	31	4.06	0.46	0
115.0	750.18	0.0	814	-135.02	1	1884	30.1	31	4.07	0.45	0
116.0	820.73	2.0	3838	138.45	1	1883	30.1	31	4.06	0.46	0
117.0	882.16	0.0	814	-132.71	1	1883	30.1	31	4.07	0.46	0
118.0	861.64	2.0	3838	129.24	1	1883	30.1	31	4.06	0.47	0
119.0	873.00	0.0	814	-149.94	1	1883	30.1	31	4.06	0.47	0
120.0	804.94	2.0	3838	127.38	1	1882	30.1	31	4.07	0.46	0
121.0	745.84	0.0	815	-137.49	1	1884	30.1	31	4.06	0.45	0
122.0	762.90	2.0	3838	112.94	1	1884	30.1	31	4.07	0.43	0
123.0	773.81	0.0	814	-144.92	1	1885	30.1	31	4.07	0.44	0
124.0	821.89	2.0	3834	123.62	1	1884	30.1	31	4.08	0.46	0
125.0	775.91	0.0	815	-120.10	1	1885	30.1	31	4.06	0.47	0
126.0	712.04	2.0	3839	123.09	1	1883	30.1	31	4.07	0.47	0
127.0	698.79	0.0	815	-114.29	1	1884	30.1	30	4.06	0.47	0
128.0	675.79	2.0	3841	115.20	1	1884	30.1	30	4.07	0.46	0
129.0	737.50	0.0	816	-135.39	1	1884	30.1	30	4.06	0.45	0
130.0	819.51	2.0	3841	119.73	1	1883	30.1	30	4.07	0.45	0
131.0	760.58	0.0	815	-126.61	1	1884	30.1	31	4.06	0.46	0
132.0	728.09	2.0	3849	111.57	1	1883	30.1	31	4.07	0.46	0
133.0	785.27	0.0	815	-145.31	1	1885	30.1	31	4.06	0.45	0
134.0	779.06	2.0	3839	115.73	1	1884	30.1	31	4.07	0.45	0
135.0	704.36	0.0	816	-114.85	1	1885	30.2	31	4.06	0.47	0
136.0	608.70	2.0	3842	120.70	1	1884	30.2	31	4.07	0.49	0
137.0	634.53	0.0	815	-115.11	1	1886	30.2	31	4.06	0.48	0
138.0	748.85	2.0	3842	130.82	1	1886	30.2	31	4.07	0.47	0
139.0	690.58	0.0	818	-110.10	1	1886	30.2	31	4.06	0.48	0
140.0	599.18	2.0	3838	115.52	1	1885	30.2	31	4.07	0.48	0
141.0	607.53	0.0	816	-105.80	1	1887	30.2	31	4.07	0.47	0
142.0	653.60	2.0	3842	120.69	1	1885	30.2	31	4.07	0.47	0
143.0	727.82	0.0	827	-120.46	1	1885	30.2	31	4.06	0.47	0
144.0	720.66	2.0	3838	128.58	1	1888	30.2	31	4.07	0.47	0
145.0	671.29	0.0	816	-123.38	1	1886	30.2	31	4.06	0.47	0
146.0	670.41	2.0	3841	114.72	1	1885	30.2	31	4.07	0.46	0
147.0	711.12	0.0	816	-122.83	1	1886	30.2	31	4.06	0.46	0
148.0	712.77	2.0	3849	125.03	1	1886	30.2	31	4.07	0.46	0
149.0	683.34	0.0	819	-112.46	1	1886	30.2	31	4.06	0.46	0
150.0	727.36	2.0	3846	109.94	1	1886	30.2	31	4.07	0.46	0
151.0	762.57	0.0	816	-116.50	1	1891	30.2	31	4.06	0.47	0
152.0	703.23	2.0	3838	127.39	1	1884	30.2	31	4.07	0.47	0
153.0	652.73	0.0	815	-113.74	1	1886	30.2	30	4.06	0.46	0
154.0	633.42	2.0	3841	105.44	1	1885	30.2	30	4.07	0.46	0
155.0	649.68	0.0	816	-119.23	1	1886	30.2	30	4.06	0.47	0
156.0	675.76	2.0	3841	117.86	1	1885	30.2	31	4.07	0.47	0
157.0	676.35	0.0	816	-123.07	1	1890	30.2	31	4.07	0.46	0
158.0	688.04	2.0	3839	117.72	1	1887	30.2	31	4.07	0.46	0
159.0	670.27	0.0	816	-115.64	1	1886	30.2	30	4.06	0.47	0
160.0	675.50	2.0	3838	108.18	1	1886	30.2	30	4.07	0.48	0
161.0	678.94	0.0	816	-110.25	1	1886	30.2	30	4.05	0.48	0
162.0	664.71	2.0	3838	118.72	1	1885	30.2	30	4.07	0.49	0
163.0	634.88	0.0	816	-103.28	1	1886	30.2	30	4.05	0.49	0
164.0	615.67	2.0	3837	118.68	1	1886	30.3	30	4.05	0.49	0
165.0	617.99	0.0	816	-114.88	0	1011	30.3	30	4.12	0.48	0
166.0	641.50	2.0	3833	113.26	0	716	30.3	30	4.13	0.47	0
167.0	674.55	0.0	807	-114.39	0	547	30.3	30	4.12	0.47	0
168.0	686.75	2.0	3830	106.10	0	435	30.3	30	4.13	0.47	0
169.0	689.33	0.0	807	-111.18	0	358	30.3	30	4.12	0.47	0
170.0	653.90	2.0	3831	119.02	0	300	30.3	30	4.13	0.47	0
171.0	687.85	0.0	807	-122.29	0	257	30.3	30	4.13	0.46	0
172.0	712.87	2.0	3830	114.86	0	222	30.3	30	4.14	0.46	0
173.0	695.21	0.0	807	-114.27	0	194	30.3	30	4.12	0.46	0
174.0	732.28	2.0	3833	113.34	0	170	30.3	30	4.13	0.46	0
175.0	818.41	0.0	806	-141.64	0	151	30.3	30	4.12	0.45	0
176.0	759.21	2.0	3831	126.30	0	134	30.3	30	4.14	0.46	0
177.0	693.11	0.0	807	-126.63	0	121	30.3	30	4.12	0.46	0
178.0	751.28	2.0	3835	107.51	0	107	30.3	30	4.14	0.46	0
179.0	807.20	0.0	807	-136.98	0	98	30.3	30	4.13	0.46	0
180.0	844.90	2.0	3831	125.37	0	87	30.3	30	4.14	0.47	0
181.0	798.49	0.0	808	-130.66	0	81	30.3	30	4.13	0.47	0
182.0	717.87	2.0	3833	115.64	0	75	30.3	30	4.14	0.47	0
183.0	728.00	0.0	807	-124.20	0	70	30.3	30	4.12	0.47	0
184.0	716.56	2.0	3841	121.57	0	65	30.3	30	4.14	0.48	0
185.0	708.44	0.0	808	-122.49	0	62	30.3	30	4.13	0.48	0
186.0	741.96	2.0	3829	127.28	0	57	30.3	30	4.14	0.48	0
187.0	703.35	0.0	808	-114.79	0	53	30.3	30	4.13	0.48	0
188.0	627.48	2.0	3833	131.23	0	49	30.3	30	4.14	0.49	0
189.0	616.03	0.0	807	-120.69	0	47	30.3	30	4.13	0.48	0
190.0	686.38	2.0	3838	113.27	0	43	30.3	30	4.14	0.48	0
191.0	743.28	0.0	808	-117.75	0	41	30.3	30	4.12	0.48	0
192.0	787.77	2.0	3835	124.07	0	38	30.3	31	4.14	0.48	0
193.0	729.63	0.0	806	-120.68	0	37	30.3	31	4.12	0.50	0
194.0	737.08	2.0	3830	159.36	0	33	30.3	31	4.14	0.52	0
195.0	816.19	0.0	807	-150.29	0	33	30.3	31	4.13	0.54	0
196.0	767.80	2.0	3833	163.61	0	30	30.3	31	4.14	0.56	0
197.0	687.88	0.0	807	-152.57	0	29	30.3	31	4.13	0.59	0
198.0	741.85	2.0	3834	141.36	0	26	30.3	31	4.14	0.59	0
199.0	733.00	0.0	806	-138.40	0	26	30.3	30	4.12	0.58	0
200.0	787.73	2.0	3833	142.21	0	23	30.3	30	4.13	0.57	0
201.0	838.96	0.0	808	-149.61	0	23	30.3	30	4.13	0.57	0
202.0	765.87	2.0	3830	151.63	0	20	30.3	30	4.13	0.57	0
203.0	739.08	0.0	806	-168.83	0	21	30.3	30	4.13	0.57	0
204.0	751.38	2.0	3834	142.56	0	19	30.3	30	4.14	0.56	0
205.0	695.54	0.0	807	-150.81	0	18	30.3	30	4.13	0.57	0
206.0	673.84	2.0	3835	136.60	0	16	30.3	30	4.14	0.58	16
207.0	721.84	0.0	808	-131.07	0	16	30.3	30	4.12	0.57	16
208.0	763.95	2.0	3834	137.46	0	15	30.3	30	4.13	0.57	16
209.0	798.81	0.0	806	-136.40	0	15	30.3	30	4.13	0.58	16
210.0	717.82	2.0	3834	155.84	0	13	30.3	30	4.13	0.59	16
211.0	709.79	0.0	806	-141.29	0	13	30.3	30	4.13	0.57	16
212.0	735.50	2.0	3831	149.86	0	12	30.3	30	4.13	0.56	16
213.0	703.29	0.0	816	-145.89	0	12	30.3	30	4.12	0.56	16
214.0	787.38	2.0	3833	124.22	0	11	30.3	30	4.13	0.54	16
215.0	906.77	0.0	810	-161.31	0	11	30.3	30	4.12	0.54	16
216.0	848.04	2.0	3834	158.41	0	9	30.3	30	4.14	0.55	16
217.0	709.71	0.0	807	-150.05	0	9	30.3	30	4.12	0.55	16
218.0	710.70	2.0	3835	141.30	0	8	30.2	30	4.14	0.57	16
219.0	758.98	0.0	807	-154.49	0	8	30.2	30	4.12	0.59	16
220.0	791.38	2.0	3835	144.12	0	8	30.2	30	4.14	0.57	16
221.0	773.15	0.0	808	-163.12	0	8	30.2	30	4.13	0.56	16
222.0	780.56	2.0	3834	142.12	0	7	30.2	30	4.13	0.56	16
223.0	752.09	0.0	808	-144.86	0	7	30.2	30	4.12	0.56	16
224.0	816.49	2.0	3831	131.30	0	6	30.2	30	4.13	0.55	16
225.0	924.06	0.0	810	-147.57	0	7	30.2	30	4.12	0.55	16
226.0	714.05	2.0	3834	152.15	0	5	30.2	30	4.13	0.56	16
227.0	708.75	0.0	807	-148.43	0	6	30.2	30	4.13	0.54	16
228.0	794.30	2.0	3834	118.69	0	4	30.2	30	4.14	0.50	16
229.0	702.11	0.0	807	-125.10	0	5	30.2	30	4.12	0.48	16
230.0	748.73	2.0	3837	117.56	0	4	30.2	30	4.13	0.47	16
231.0	852.37	0.0	808	-124.11	0	4	30.2	31	4.12	0.48	16
232.0	911.85	2.0	3835	164.53	0	3	30.2	31	4.13	0.51	16
233.0	901.42	0.0	807	-129.52	0	4	30.1	31	4.12	0.51	16
234.0	788.59	2.0	3834	139.22	0	3	30.1	31	4.14	0.49	16
235.0	719.03	0.0	808	-117.71	0	4	30.1	31	4.13	0.46	16
236.0	769.13	2.0	3834	155.41	0	3	30.1	31	4.14	0.46	0
237.0	820.25	0.0	808	-142.66	0	4	30.1	31	4.12	0.47	0
238.0	869.11	2.0	3834	128.16	0	2	30.1	31	4.14	0.47	0
239.0	870.99	0.0	807	-126.07	1	1878	30.1	31	4.06	0.47	0
240.0	781.57	2.0	3851	140.23	1	1882	30.1	31	4.07	0.48	0
241.0	770.53	0.0	816	-141.15	1	1882	30.1	31	4.06	0.47	0
242.0	754.87	2.0	3846	135.21	1	1880	30.1	31	4.07	0.47	0
243.0	717.82	0.0	819	-129.77	1	1882	30.1	31	4.06	0.47	0
244.0	759.71	2.0	3853	133.28	1	1882	30.1	31	4.07	0.47	0
245.0	807.50	0.0	818	-150.23	1	1882	30.1	31	4.06	0.47	0
246.0	802.09	2.0	3847	128.14	1	1882	30.1	31	4.07	0.47	0
247.0	780.31	0.0	819	-135.50	1	1887	30.1	31	4.07	0.48	0
248.0	773.93	2.0	3846	135.35	1	1883	30.1	31	4.07	0.48	0
249.0	747.32	0.0	822	-135.19	1	1883	30.1	31	4.05	0.47	0
250.0	759.79	2.0	3846	123.35	1	1882	30.1	31	4.07	0.47	0
251.0	770.59	0.0	818	-136.08	1	1883	30.1	31	4.05	0.47	0
252.0	748.71	2.0	3849	127.61	1	1886	30.1	31	4.07	0.47	0
253.0	742.27	0.0	815	-124.07	1	1882	30.1	31	4.06	0.47	0
254.0	776.13	2.0	3846	127.97	1	1882	30.1	31	4.07	0.46	0
255.0	737.85	0.0	819	-120.46	1	1885	30.1	31	4.06	0.46	0
256.0	754.23	2.0	3857	128.93	1	1882	30.1	31	4.07	0.46	0
257.0	860.68	0.0	816	-140.05	1	1884	30.1	31	4.06	0.47	0
258.0	871.73	2.0	3861	152.29	1	1883	30.1	31	4.07	0.46	0
259.0	839.60	0.0	816	-118.36	1	1885	30.1	31	4.06	0.44	0
260.0	759.25	2.0	3849	150.70	1	1883	30.1	31	4.07	0.45	0
261.0	832.08	0.0	818	-154.93	1	1884	30.1	31	4.05	0.46	0
262.0	884.25	2.0	3847	177.79	1	1886	30.1	31	4.07	0.47	0
263.0	988.93	0.0	818	-177.03	1	1884	30.1	31	4.05	0.45	0
264.0	935.04	2.0	3858	146.78	1	1883	30.1	31	4.07	0.44	0
265.0	787.59	0.0	818	-143.00	1	1889	30.1	31	4.06	0.45	0
266.0	817.24	2.0	3853	113.15	1	1884	30.1	31	4.07	0.45	0
267.0	876.52	0.0	818	-162.93	1	1889	30.1	31	4.05	0.44	0
268.0	911.54	2.0	3847	151.00	1	1884	30.1	31	4.07	0.46	0
269.0	920.77	0.0	819	-143.06	1	1886	30.2	31	4.05	0.47	0
270.0	906.24	2.0	3849	147.88	1	1882	30.2	31	4.06	0.47	0
271.0	922.05	0.0	822	-170.56	1	1879	30.2	31	4.01	0.47	0
272.0	959.83	2.0	3837	147.03	1	1878	30.2	31	4.02	0.47	0
273.0	888.09	0.0	816	-143.35	1	1878	30.2	31	4.01	0.47	0
274.0	874.52	2.0	3838	136.39	1	1878	30.2	31	4.02	0.47	0
275.0	861.77	0.0	816	-132.54	1	1879	30.2	31	4.01	0.47	0
276.0	841.22	2.0	3838	132.00	1	1884	30.2	31	4.04	0.47	0
277.0	825.32	0.0	819	-141.38	1	1888	30.2	31	4.04	0.46	0
278.0	764.56	2.0	3857	122.74	1	1884	30.2	31	4.06	0.46	0
279.0	797.57	0.0	816	-142.33	1	1886	30.2	31	4.06	0.46	0
280.0	848.65	2.0	3850	144.69	1	1885	30.2	31	4.08	0.47	0
281.0	924.28	0.0	820	-156.24	1	1889	30.2	31	4.04	0.46	0
282.0	951.57	2.0	3849	166.56	1	1885	30.2	30	4.04	0.46	0
283.0	925.45	0.0	820	-147.77	1	1891	30.2	30	4.03	0.47	0
284.0	853.60	2.0	3849	148.01	1	1885	30.2	30	4.04	0.46	0
285.0	834.34	0.0	819	-154.68	1	1890	30.2	30	4.02	0.46	0
286.0	875.51	2.0	3851	152.53	1	1882	30.2	30	4.04	0.46	0
287.0	825.24	0.0	819	-148.41	1	1885	30.2	30	4.02	0.47	0
288.0	820.46	2.0	3854	122.25	1	1890	30.2	30	4.05	0.47	0
289.0	803.36	0.0	820	-132.13	1	1884	30.3	30	4.02	0.47	0
290.0	802.95	2.0	3851	113.05	1	1889	30.2	30	4.04	0.46	0
291.0	778.97	0.0	819	-146.08	1	1890	30.3	30	4.06	0.45	0
292.0	769.00	2.0	3845	110.11	1	1886	30.3	30	4.07	0.45	0
293.0	799.77	0.0	819	-131.50	1	1886	30.3	30	4.05	0.46	0
294.0	790.53	2.0	3849	129.21	1	1885	30.3	30	4.06	0.46	0
295.0	744.76	0.0	819	-143.07	1	1886	30.3	30	4.05	0.46	0
296.0	759.43	2.0	3849	107.25	1	1889	30.3	30	4.07	0.46	0
297.0	783.95	0.0	819	-128.72	1	1886	30.3	30	4.05	0.46	0
298.0	758.71	2.0	3849	122.33	1	1886	30.3	30	4.07	0.46	0
299.0	767.48	0.0	819	-143.34	1	1886	30.3	30	4.05	0.46	0
300.0	832.32	2.0	3850	115.43	1	1886	30.3	30	4.06	0.46	0
301.0	857.14	0.0	818	-137.55	1	1886	30.3	30	4.05	0.46	0
302.0	782.98	2.0	3851	128.23	1	1885	30.3	30	4.07	0.46	0
303.0	742.24	0.0	818	-117.67	1	1886	30.3	30	4.05	0.47	0
304.0	742.17	2.0	3850	145.85	1	1885	30.3	30	4.06	0.47	0
305.0	709.47	0.0	819	-129.19	1	1890	30.3	30	4.06	0.47	0
306.0	693.62	2.0	3849	107.48	1	1888	30.3	30	4.06	0.47	0
307.0	731.88	0.0	822	-120.18	1	1887	30.3	30	4.05	0.47	0
308.0	720.19	2.0	3858	132.66	1	1886	30.3	30	4.07	0.47	0
309.0	683.68	0.0	819	-116.77	1	1887	30.3	30	4.05	0.47	0
310.0	722.61	2.0	3850	138.58	1	1889	30.3	30	4.07	0.47	0
311.0	716.48	0.0	819	-127.37	1	1887	30.3	30	4.05	0.49	0
312.0	734.21	2.0	3858	113.72	1	1888	30.3	30	4.06	0.48	0
313.0	785.60	0.0	820	-129.20	1	1888	30.3	30	4.05	0.46	0
314.0	821.00	2.0	3851	126.43	1	1886	30.4	30	4.06	0.45	0
315.0	853.08	0.0	822	-139.06	1	1887	30.3	30	4.05	0.45	0
316.0	738.93	2.0	3851	135.75	1	1886	30.4	30	4.06	0.46	0
317.0	771.19	0.0	819	-146.15	1	1886	30.4	30	4.05	0.47	0
318.0	852.03	2.0	3853	132.92	1	1889	30.4	30	4.07	0.47	0
319.0	769.27	0.0	822	-124.92	1	1891	30.4	30	4.05	0.46	0
320.0	773.38	2.0	3858	128.74	1	1886	30.4	30	4.06	0.45	0
321.0	837.86	0.0	819	-140.34	1	1887	30.4	30	4.05	0.46	0
322.0	818.00	2.0	3847	131.73	1	1886	30.4	30	4.06	0.47	0
323.0	789.23	0.0	819	-140.90	1	1886	30.4	30	4.05	0.48	0
324.0	749.01	2.0	3850	122.78	1	1887	30.4	30	4.07	0.47	0
325.0	718.27	0.0	820	-125.52	1	1887	30.4	30	4.05	0.46	0
326.0	791.13	2.0	3851	122.24	1	1886	30.4	30	4.06	0.45	0
327.0	797.05	0.0	820	-125.31	1	1887	30.4	30	4.05	0.46	0
328.0	758.40	2.0	3851	128.53	1	1891	30.4	30	4.07	0.46	0
329.0	751.82	0.0	819	-130.53	1	1888	30.4	30	4.05	0.46	0
330.0	732.84	2.0	3851	107.49	1	1886	30.4	30	4.06	0.46	0
331.0	733.72	0.0	819	-127.50	1	1888	30.4	30	4.05	0.46	0
332.0	764.85	2.0	3851	123.24	1	1886	30.4	30	4.06	0.46	0
333.0	785.54	0.0	823	-130.67	1	1886	30.4	30	4.05	0.47	0
334.0	769.87	2.0	3858	126.72	1	1890	30.4	30	4.06	0.47	0
335.0	813.95	0.0	822	-136.57	1	1888	30.4	30	4.05	0.47	0
336.0	819.06	2.0	3863	147.89	1	1886	30.4	30	4.06	0.48	0
337.0	778.63	0.0	818	-139.05	1	1887	30.4	30	4.05	0.48	0
338.0	748.70	2.0	3845	110.10	1	1886	30.4	30	4.06	0.47	0
339.0	702.65	0.0	819	-118.66	1	1888	30.4	30	4.05	0.47	0
340.0	727.52	2.0	3850	126.26	1	1886	30.4	30	4.06	0.48	0
341.0	756.93	0.0	819	-127.92	1	1887	30.5	30	4.05	0.48	0
342.0	703.94	2.0	3850	118.80	1	1890	30.5	30	4.07	0.49	0
343.0	669.20	0.0	820	-124.35	1	1888	30.5	30	4.05	0.49	0
344.0	723.59	2.0	3851	123.18	1	1886	30.5	30	4.07	0.48	0
345.0	759.36	0.0	822	-137.79	1	1888	30.5	30	4.05	0.47	0
346.0	756.54	2.0	3853	121.68	1	1889	30.5	30	4.05	0.47	0
347.0	692.49	0.0	818	-112.18	1	1889	30.5	30	4.05	0.47	0
348.0	699.12	2.0	3851	103.81	1	1889	30.5	30	4.07	0.46	0
349.0	727.30	0.0	820	-131.51	1	1888	30.5	30	4.04	0.46	0
350.0	725.74	2.0	3853	111.42	1	1886	30.5	30	4.06	0.46	0
351.0	677.50	0.0	819	-103.30	1	1889	30.5	30	4.05	0.48	0
352.0	663.80	2.0	3851	117.24	1	1890	30.5	30	4.07	0.48	0
353.0	708.56	0.0	822	-137.17	1	1891	30.5	30	4.05	0.46	0
354.0	653.89	2.0	3859	105.87	1	1890	30.5	30	4.07	0.46	0
355.0	625.82	0.0	822	-105.21	1	1888	30.5	30	4.05	0.48	0
356.0	744.22	2.0	3853	128.41	1	1886	30.5	30	4.05	0.48	0
357.0	852.83	0.0	819	-136.76	1	1888	30.5	30	4.05	0.47	0
358.0	740.44	2.0	3854	122.97	1	1884	30.5	30	4.06	0.47	0
359.0	700.00	0.0	819	-119.09	1	1888	30.5	30	4.05	0.48	0
360.0	793.08	2.0	3851	125.30	1	1886	30.5	30	4.06	0.48	0
361.0	805.46	0.0	819	-127.15	1	1888	30.5	30	4.05	0.48	0
362.0	768.50	2.0	3854	116.48	1	1886	30.5	30	4.07	0.47	0
363.0	789.21	0.0	823	-142.72	1	1888	30.6	30	4.05	0.45	0
364.0	734.76	2.0	3851	127.34	1	1887	30.6	30	4.06	0.45	0
365.0	646.32	0.0	822	-118.46	1	1888	30.6	30	4.05	0.47	0
366.0	703.81	2.0	3862	94.00	1	1889	30.6	30	4.07	0.46	0
367.0	700.90	0.0	823	-115.90	0	1006	30.6	30	4.12	0.46	0
368.0	682.34	2.0	3838	112.45	0	709	30.6	30	4.12	0.47	0
369.0	720.69	0.0	808	-126.33	0	543	30.6	30	4.12	0.47	0
370.0	729.85	2.0	3843	117.11	1	1878	30.6	30	4.04	0.48	0
371.0	724.08	0.0	819	-133.23	1	1886	30.6	30	4.05	0.47	0
372.0	718.28	2.0	3853	115.25	1	1885	30.6	30	4.06	0.47	0
373.0	704.67	0.0	819	-117.33	1	1886	30.6	30	4.05	0.47	0
374.0	708.42	2.0	3854	110.74	1	1886	30.6	30	4.05	0.47	0
375.0	698.32	0.0	819	-121.37	1	1888	30.6	30	4.04	0.46	0
376.0	693.94	2.0	3857	119.02	1	1887	30.6	30	4.06	0.46	0
377.0	724.11	0.0	822	-132.75	1	1887	30.6	30	4.04	0.45	0
378.0	633.11	2.0	3854	95.79	1	1890	30.6	30	4.06	0.45	0
379.0	588.29	0.0	823	-114.85	1	1888	30.6	30	4.04	0.45	0
380.0	680.60	2.0	3850	121.70	1	1887	30.6	30	4.05	0.45	0
381.0	662.61	0.0	819	-114.23	1	1888	30.6	30	4.04	0.45	0
382.0	649.57	2.0	3850	94.94	1	1890	30.6	30	4.06	0.45	0
383.0	686.23	0.0	822	-113.71	1	1893	30.6	30	4.05	0.45	0
384.0	652.70	2.0	3853	115.94	1	1887	30.6	30	4.07	0.46	0
385.0	644.24	0.0	822	-121.44	1	1892	30.6	30	4.05	0.46	0
386.0	679.05	2.0	3854	127.78	1	1887	30.7	30	4.06	0.45	0
387.0	708.52	0.0	823	-124.66	1	1889	30.7	30	4.04	0.44	0
388.0	723.85	2.0	3855	113.77	1	1887	30.7	30	4.05	0.44	0
389.0	690.17	0.0	820	-105.17	1	1888	30.7	30	4.05	0.46	0
390.0	662.24	2.0	3855	99.12	1	1887	30.7	30	4.06	0.46	0
391.0	637.18	0.0	819	-102.98	1	1888	30.7	30	4.04	0.46	0
392.0	633.59	2.0	3855	103.97	1	1887	30.7	30	4.06	0.46	0
393.0	672.25	0.0	822	-114.25	1	1890	30.7	30	4.04	0.47	0
394.0	714.94	2.0	3858	123.19	1	1890	30.7	30	4.06	0.48	0
395.0	699.93	0.0	822	-100.20	1	1888	30.7	30	4.04	0.48	0
396.0	695.80	2.0	3857	121.53	1	1887	30.7	30	4.06	0.48	0
397.0	781.84	0.0	820	-129.28	1	1890	30.7	30	4.04	0.48	0
398.0	756.96	2.0	3853	116.31	1	1888	30.7	30	4.06	0.48	0
399.0	735.77	0.0	826	-124.51	1	1889	30.7	30	4.04	0.48	0
400.0	747.39	2.0	3851	124.32	1	1887	30.7	30	4.06	0.47	0
401.0	715.44	0.0	819	-113.67	1	1888	30.7	30	4.04	0.47	0
402.0	743.73	2.0	3862	117.75	1	1890	30.7	30	4.06	0.47	0
403.0	737.76	0.0	819	-123.98	1	1889	30.7	30	4.04	0.46	0
404.0	722.97	2.0	3855	120.79	1	1891	30.7	30	4.05	0.46	0
405.0	755.96	0.0	819	-131.32	1	1888	30.7	30	4.04	0.46	0
406.0	708.36	2.0	3861	121.30	1	1887	30.7	30	4.06	0.46	0
407.0	674.71	0.0	820	-126.05	1	1888	30.7	30	4.04	0.46	0
408.0	711.22	2.0	3855	124.19	1	1888	30.7	30	4.06	0.47	0
409.0	755.10	0.0	822	-147.05	1	1889	30.8	30	4.04	0.46	0
410.0	778.91	2.0	3857	111.01	1	1887	30.8	30	4.06	0.45	0
411.0	762.44	0.0	820	-127.97	1	1891	30.8	30	4.05	0.46	0
412.0	670.26	2.0	3859	116.60	1	1887	30.8	30	4.05	0.46	0
413.0	614.81	0.0	819	-116.17	1	1890	30.8	30	4.04	0.46	0
414.0	676.79	2.0	3853	105.41	1	1892	30.8	30	4.06	0.46	0
415.0	733.68	0.0	822	-114.06	1	1888	30.8	30	4.04	0.47	0
416.0	730.84	2.0	3857	123.68	1	1887	30.8	30	4.06	0.47	0
417.0	687.11	0.0	819	-129.61	1	1889	30.8	30	4.04	0.46	0
418.0	715.24	2.0	3850	96.26	1	1888	30.8	30	4.05	0.46	0
419.0	774.60	0.0	820	-136.75	1	1889	30.8	30	4.04	0.46	0
420.0	741.70	2.0	3863	109.81	1	1889	30.8	30	4.06	0.46	0
421.0	691.27	0.0	823	-120.26	1	1889	30.8	30	4.04	0.45	0
422.0	721.81	2.0	3857	123.44	1	1893	30.8	30	4.07	0.45	0
423.0	726.28	0.0	823	-112.39	1	1889	30.8	30	4.04	0.46	0
424.0	671.40	2.0	3857	125.51	1	1888	30.8	30	4.06	0.46	0
425.0	644.16	0.0	823	-113.15	1	1892	30.8	30	4.05	0.47	0
426.0	654.85	2.0	3854	112.55	1	1888	30.8	30	4.06	0.47	0
427.0	681.75	0.0	822	-124.31	1	1889	30.8	30	4.04	0.47	0
428.0	693.26	2.0	3862	104.13	1	1892	30.8	30	4.06	0.47	0
429.0	715.02	0.0	823	-123.65	1	1890	30.8	30	4.04	0.47	0
430.0	688.29	2.0	3865	113.77	1	1887	30.9	30	4.06	0.47	0
431.0	658.30	0.0	822	-110.85	1	1890	30.9	30	4.04	0.47	0
432.0	696.68	2.0	3862	110.50	1	1889	30.9	30	4.06	0.46	0
433.0	727.02	0.0	822	-113.29	1	1889	30.9	29	4.04	0.46	0
434.0	745.95	2.0	3857	122.55	1	1888	30.9	29	4.06	0.47	0
435.0	762.06	0.0	822	-132.57	1	1894	30.9	29	4.05	0.46	0
436.0	748.42	2.0	3862	111.11	1	1889	30.9	29	4.05	0.46	0
437.0	697.81	0.0	818	-112.76	1	1890	30.9	29	4.05	0.46	0
438.0	665.12	2.0	3859	107.04	1	1887	30.9	29	4.06	0.46	0
439.0	701.05	0.0	820	-144.67	1	1889	30.9	29	4.04	0.46	0
440.0	682.61	2.0	3861	113.70	1	1891	30.9	29	4.07	0.48	0
441.0	687.01	0.0	822	-137.08	1	1892	30.9	29	4.05	0.48	0
442.0	693.51	2.0	3857	111.81	1	1887	30.9	29	4.06	0.47	0
443.0	643.21	0.0	819	-111.21	1	1889	30.9	29	4.04	0.47	0
444.0	654.62	2.0	3858	112.38	1	1889	30.9	29	4.06	0.47	0
445.0	605.09	0.0	820	-106.02	1	1893	30.9	29	4.05	0.47	0
446.0	631.78	2.0	3857	114.51	1	1888	30.9	29	4.06	0.46	0
447.0	686.91	0.0	823	-111.35	1	1888	30.9	29	4.04	0.46	0
448.0	682.66	2.0	3855	103.88	1	1891	30.9	29	4.06	0.46	0
449.0	644.44	0.0	820	-108.90	1	1891	30.9	29	4.04	0.46	0
450.0	637.53	2.0	3865	97.45	1	1889	30.9	29	4.06	0.46	0
451.0	649.58	0.0	823	-110.99	1	1887	30.9	29	4.04	0.46	0
452.0	595.50	2.0	3859	109.97	1	1886	30.9	29	4.05	0.47	0
453.0	549.88	0.0	819	-113.59	1	1890	30.9	29	4.05	0.47	0
454.0	614.62	2.0	3857	94.43	1	1889	31.0	29	4.06	0.47	0
455.0	625.08	0.0	819	-87.72	1	1891	30.9	29	4.04	0.48	0
456.0	574.36	2.0	3858	114.06	1	1889	31.0	29	4.06	0.49	0
457.0	601.20	0.0	820	-117.32	1	1890	31.0	29	4.04	0.48	0
458.0	611.66	2.0	3858	92.43	1	1890	31.0	29	4.07	0.46	0
459.0	626.76	0.0	822	-110.99	1	1890	31.0	29	4.04	0.45	0
460.0	634.75	2.0	3859	109.38	1	1888	31.0	29	4.06	0.46	0
461.0	621.98	0.0	820	-117.42	1	1895	31.0	29	4.05	0.46	0
462.0	629.39	2.0	3858	111.12	1	1888	31.0	29	4.06	0.46	0
463.0	605.41	0.0	820	-104.16	1	1890	31.0	29	4.04	0.47	0
464.0	619.18	2.0	3867	109.70	1	1886	31.0	29	4.05	0.47	0
465.0	691.24	0.0	819	-124.70	1	1890	31.0	29	4.04	0.45	0
466.0	711.82	2.0	3866	112.12	1	1888	31.0	29	4.06	0.44	0
467.0	700.33	0.0	819	-112.70	1	1890	31.0	29	4.04	0.46	0
468.0	671.32	2.0	3857	113.23	1	1889	31.0	29	4.06	0.46	0
469.0	646.97	0.0	819	-116.36	1	1895	31.0	29	4.05	0.45	0
470.0	636.02	2.0	3858	109.57	1	1889	31.0	29	4.06	0.45	0
471.0	655.34	0.0	823	-121.09	1	1889	31.0	29	4.04	0.45	0
472.0	681.24	2.0	3855	107.11	1	1891	31.0	29	4.05	0.44	0
473.0	693.35	0.0	820	-129.64	1	1889	31.0	29	4.04	0.43	0
474.0	674.49	2.0	3859	99.42	1	1888	31.0	29	4.06	0.44	0
475.0	718.54	0.0	822	-138.60	1	1891	31.0	29	4.04	0.44	0
476.0	704.34	2.0	3870	112.50	1	1888	31.0	29	4.05	0.45	0
477.0	671.41	0.0	819	-124.12	1	1891	31.0	29	4.04	0.47	0
478.0	732.02	2.0	3850	117.00	1	1888	31.1	29	4.06	0.46	0
479.0	744.91	0.0	822	-126.53	1	1894	31.1	29	4.04	0.45	0
480.0	759.17	2.0	3859	123.28	1	1889	31.1	29	4.06	0.45	0
481.0	780.16	0.0	820	-132.17	1	1894	31.1	29	4.05	0.46	0
482.0	671.81	2.0	3854	111.66	1	1888	31.1	29	4.06	0.47	0
483.0	536.83	0.0	822	-96.16	1	1889	31.1	29	4.04	0.48	0
484.0	571.06	2.0	3858	91.47	1	1888	31.1	29	4.06	0.47	0
485.0	599.84	0.0	822	-112.58	1	1889	31.1	29	4.04	0.45	0
486.0	655.32	2.0	3866	97.53	1	1887	31.1	29	4.05	0.44	0
487.0	766.31	0.0	820	-142.39	1	1893	31.1	29	4.05	0.45	0
488.0	729.93	2.0	3859	104.05	1	1889	31.1	29	4.05	0.46	0
489.0	623.15	0.0	819	-107.17	1	1890	31.1	29	4.04	0.46	0
490.0	669.62	2.0	3853	104.23	1	1888	31.1	29	4.06	0.45	0
491.0	673.42	0.0	822	-108.41	1	1890	31.1	29	4.04	0.46	0
492.0	614.86	2.0	3854	98.64	1	1890	31.1	29	4.06	0.47	0
493.0	723.94	0.0	820	-124.05	1	1890	31.1	29	4.04	0.46	0
494.0	850.40	2.0	3854	119.12	1	1891	31.1	29	4.05	0.46	0
495.0	814.68	0.0	822	-125.64	1	1890	31.1	29	4.04	0.46	0
496.0	695.35	2.0	3854	116.34	1	1889	31.1	29	4.05	0.47	0
497.0	719.92	0.0	822	-124.19	1	1892	31.1	29	4.04	0.47	0
498.0	767.45	2.0	3859	119.69	1	1887	31.1	29	4.06	0.47	0
499.0	732.96	0.0	820	-118.48	1	1890	31.1	29	4.04	0.46	0
500.0	703.47	2.0	3859	112.59	1	1889	31.1	29	4.05	0.47	0
501.0	709.55	0.0	820	-126.55	1	1890	31.1	29	4.05	0.47	0
502.0	704.59	2.0	3865	114.79	1	1888	31.1	29	4.05	0.47	0
503.0	708.31	0.0	822	-109.69	1	1890	31.1	29	4.04	0.47	0
504.0	752.30	2.0	3863	116.62	1	1888	31.2	29	4.05	0.48	0
505.0	686.45	0.0	819	-109.82	1	1895	31.1	29	4.05	0.47	0
506.0	665.74	2.0	3859	96.25	1	1889	31.2	29	4.06	0.45	0
507.0	691.72	0.0	823	-99.85	1	1889	31.2	29	4.04	0.45	0
508.0	691.34	2.0	3854	148.01	1	1891	31.2	29	4.06	0.47	0
509.0	735.68	0.0	822	-138.22	1	1890	31.2	29	4.04	0.48	0
510.0	744.17	2.0	3869	118.56	1	1894	31.2	29	4.05	0.46	0
511.0	729.90	0.0	820	-115.42	1	1890	31.2	29	4.04	0.46	0
512.0	731.12	2.0	3857	124.49	1	1891	31.2	29	4.05	0.47	0
513.0	740.56	0.0	822	-127.98	1	1890	31.2	29	4.04	0.47	0
514.0	797.77	2.0	3857	123.14	1	1890	31.2	29	4.05	0.47	0
515.0	839.26	0.0	823	-152.36	0	992	31.2	29	4.06	0.45	0
516.0	819.93	2.0	3829	133.00	0	710	31.2	29	4.12	0.45	0
517.0	875.99	0.0	811	-149.00	0	536	31.2	29	4.06	0.47	0
518.0	834.95	2.0	3833	146.03	0	427	31.2	29	4.07	0.49	0
519.0	772.73	-0.0	807	-142.93	0	351	31.2	29	4.11	0.49	0
520.0	786.49	2.0	3851	127.29	0	294	31.2	29	4.13	0.49	0
521.0	768.54	0.0	811	-135.04	0	250	31.2	29	4.11	0.49	0
522.0	769.23	2.0	3845	128.19	0	215	31.2	29	4.12	0.48	0
